jails:
  hack:
    world: 0b5443e8-281b-4691-94ac-9bf342f6f7e2
    world-name: world
    x: 1038.4202336860058
    y: 121.0625
    z: 185.24026954685544
    yaw: -74.10003662109375
    pitch: 88.80000305175781
