world: 0b5443e8-281b-4691-94ac-9bf342f6f7e2
world-name: world
x: 695.6779557021462
y: -10.35470770584881
z: 472.62157425924966
yaw: 110.0885009765625
pitch: 14.999999046325684
name: NewCave
lastowner: 43bf2f0e-2a64-3711-b429-89c455432eb6
